# Results from a DRB simulation
# Number of qubits
5
# RB length // Success counts // Total counts // Circuit depth // Circuit two-qubit gate count
0 39 50 51 24
10 38 50 58 36
20 36 50 72 52
30 39 50 76 65
50 33 50 87 84
100 30 50 136 160
200 20 50 239 287
400 7 50 449 572
0 43 50 35 16
10 38 50 61 39
20 38 50 56 49
30 27 50 90 67
50 32 50 94 92
100 27 50 152 152
200 12 50 243 288
400 7 50 455 554
0 44 50 39 20
10 40 50 48 30
20 32 50 57 45
30 34 50 82 70
50 29 50 90 89
100 19 50 148 149
200 14 50 238 281
400 6 50 445 556
0 44 50 37 19
10 40 50 56 39
20 37 50 61 52
30 27 50 88 60
50 26 50 94 82
100 27 50 136 148
200 15 50 244 275
400 9 50 443 543
0 43 50 36 22
10 41 50 63 40
20 45 50 50 36
30 33 50 80 68
50 36 50 90 84
100 25 50 150 148
200 19 50 236 286
400 4 50 448 552
0 42 50 53 25
10 38 50 52 33
20 35 50 80 54
30 33 50 79 62
50 26 50 98 85
100 31 50 139 156
200 16 50 239 283
400 4 50 447 567
0 42 50 45 23
10 45 50 54 37
20 38 50 59 45
30 37 50 83 61
50 35 50 83 68
100 16 50 145 165
200 15 50 240 262
400 9 50 449 548
0 43 50 53 28
10 42 50 63 46
20 36 50 57 49
30 34 50 70 63
50 34 50 83 80
100 27 50 152 145
200 16 50 239 306
400 10 50 436 562
0 44 50 43 19
10 39 50 50 35
20 40 50 59 39
30 38 50 83 58
50 22 50 99 95
100 30 50 143 153
200 13 50 233 281
400 12 50 444 548
0 40 50 52 27
10 38 50 56 37
20 34 50 63 52
30 37 50 68 55
50 32 50 97 85
100 23 50 147 150
200 14 50 245 290
400 6 50 441 528
0 42 50 33 15
10 32 50 67 42
20 36 50 62 43
30 36 50 84 65
50 30 50 90 85
100 26 50 139 155
200 13 50 249 291
400 7 50 440 574
0 40 50 52 22
10 38 50 52 39
20 36 50 71 49
30 36 50 82 60
50 30 50 103 91
100 24 50 150 158
200 14 50 225 283
400 6 50 439 550
0 41 50 47 23
10 35 50 50 31
20 39 50 56 51
30 34 50 79 63
50 28 50 97 82
100 21 50 144 165
200 19 50 238 272
400 7 50 443 560
0 39 50 47 20
10 37 50 58 36
20 34 50 74 53
30 36 50 73 60
50 35 50 90 83
100 22 50 140 160
200 19 50 248 279
400 7 50 444 556
0 39 50 41 22
10 37 50 54 36
20 38 50 67 52
30 37 50 68 57
50 26 50 99 91
100 19 50 160 162
200 15 50 237 275
400 6 50 454 546
0 42 50 39 15
10 42 50 44 26
20 38 50 62 48
30 32 50 67 65
50 25 50 102 92
100 23 50 150 170
200 12 50 250 297
400 5 50 443 553
0 41 50 45 18
10 37 50 59 39
20 38 50 65 48
30 31 50 80 61
50 26 50 93 81
100 22 50 149 161
200 19 50 236 283
400 5 50 450 550
0 38 50 43 21
10 38 50 53 35
20 39 50 66 49
30 37 50 81 65
50 30 50 97 91
100 30 50 154 160
200 20 50 244 276
400 8 50 438 552
0 41 50 38 18
10 40 50 49 34
20 40 50 58 43
30 35 50 70 56
50 32 50 93 92
100 24 50 151 152
200 18 50 251 292
400 8 50 446 542
0 39 50 42 20
10 35 50 69 42
20 35 50 61 45
30 44 50 66 53
50 34 50 87 86
100 28 50 140 151
200 14 50 248 288
400 6 50 442 556
0 40 50 45 23
10 43 50 52 32
20 39 50 57 48
30 32 50 86 70
50 32 50 102 96
100 17 50 144 152
200 17 50 246 291
400 9 50 447 555
0 43 50 45 25
10 43 50 49 28
20 40 50 63 47
30 37 50 64 56
50 38 50 86 83
100 31 50 143 150
200 15 50 241 289
400 3 50 448 545
0 35 50 58 25
10 42 50 50 33
20 35 50 65 51
30 29 50 70 55
50 35 50 91 84
100 27 50 148 151
200 20 50 247 298
400 3 50 438 544
0 45 50 37 15
10 40 50 42 31
20 42 50 54 46
30 33 50 79 70
50 35 50 100 84
100 26 50 151 158
200 17 50 237 283
400 4 50 446 542
0 40 50 60 25
10 29 50 59 39
20 45 50 49 44
30 35 50 81 62
50 30 50 88 84
100 23 50 145 153
200 16 50 240 284
400 4 50 446 528
0 46 50 52 24
10 38 50 67 35
20 40 50 66 45
30 42 50 69 57
50 29 50 97 100
100 26 50 133 153
200 12 50 243 280
400 7 50 443 563
0 38 50 42 22
10 35 50 60 38
20 40 50 54 41
30 37 50 71 62
50 33 50 82 81
100 25 50 137 156
200 14 50 247 275
400 8 50 444 554
0 39 50 51 24
10 38 50 60 40
20 32 50 73 46
30 38 50 70 52
50 33 50 94 89
100 28 50 159 156
200 20 50 255 286
400 10 50 437 512
0 41 50 44 21
10 45 50 47 33
20 43 50 55 49
30 40 50 68 59
50 34 50 87 88
100 31 50 135 152
200 16 50 239 264
400 5 50 444 553
0 47 50 45 23
10 41 50 48 30
20 35 50 76 46
30 34 50 78 54
50 30 50 92 90
100 21 50 132 156
200 19 50 244 276
400 11 50 447 539
